0.000000000000000000e+00 0.000000000000000000e+00 0.000000000000000000e+00
1.000000000000000021e-02 1.539937506863479477e-03 0.000000000000000000e+00
2.000000000000000042e-02 4.354621114841233237e-03 0.000000000000000000e+00
2.999999999999999889e-02 7.996950397128197580e-03 0.000000000000000000e+00
4.000000000000000083e-02 1.230564841035703891e-02 0.000000000000000000e+00
5.000000000000000278e-02 1.718606196257605953e-02 0.000000000000000000e+00
5.999999999999999778e-02 2.257303471016786772e-02 0.000000000000000000e+00
7.000000000000000666e-02 2.841755418221013352e-02 0.000000000000000000e+00
8.000000000000000167e-02 3.468055475441410296e-02 0.000000000000000000e+00
8.999999999999999667e-02 4.132958972425367777e-02 0.000000000000000000e+00
1.000000000000000056e-01 4.833686282899146008e-02 0.000000000000000000e+00
1.100000000000000006e-01 5.567798045703171994e-02 0.000000000000000000e+00
1.199999999999999956e-01 6.333111840482133492e-02 0.000000000000000000e+00
1.300000000000000044e-01 7.127644240940279874e-02 0.000000000000000000e+00
1.400000000000000133e-01 7.949569188500758832e-02 0.000000000000000000e+00
1.499999999999999944e-01 8.797187290406095761e-02 0.000000000000000000e+00
1.600000000000000033e-01 9.668902677243641774e-02 0.000000000000000000e+00
1.700000000000000122e-01 1.056320523994966204e-01 0.000000000000000000e+00
1.799999999999999933e-01 1.147865678773978965e-01 0.000000000000000000e+00
1.900000000000000022e-01 1.241388012363979498e-01 0.000000000000000000e+00
2.000000000000000111e-01 1.336755033059782993e-01 0.000000000000000000e+00
2.099999999999999922e-01 1.433838775930178222e-01 0.000000000000000000e+00
2.200000000000000011e-01 1.532515234450602115e-01 0.000000000000000000e+00
2.300000000000000100e-01 1.632663897155546551e-01 0.000000000000000000e+00
2.399999999999999911e-01 1.734167368240674412e-01 0.000000000000000000e+00
2.500000000000000000e-01 1.836911055944393523e-01 1.019722770135443147e-17
2.600000000000000089e-01 1.940782916144087322e-01 8.618965913010771023e-17
2.700000000000000178e-01 2.045673241292215727e-01 5.337267351612898039e-16
2.800000000000000266e-01 2.151474486850042389e-01 3.105220319582851083e-15
2.899999999999999800e-01 2.258081128930438941e-01 1.664636270700694229e-14
2.999999999999999889e-01 2.365389548061523906e-01 8.319532606653284156e-14
3.099999999999999978e-01 2.473297934919060082e-01 3.883410789494962192e-13
3.200000000000000067e-01 2.581706214611386718e-01 1.697577937999615215e-12
3.300000000000000155e-01 2.690515986680394600e-01 6.966304247772361759e-12
3.400000000000000244e-01 2.799630478431753278e-01 2.690181685329565797e-11
3.500000000000000333e-01 2.908954509528571819e-01 9.798591261615465797e-11
3.599999999999999867e-01 3.018394465930980819e-01 3.373679435647475358e-10
3.699999999999999956e-01 3.127858281102603999e-01 1.100317643043659675e-09
3.800000000000000044e-01 3.237255421607791450e-01 3.406315384586205687e-09
3.900000000000000133e-01 3.346496872105785281e-01 1.002875442667705895e-08
4.000000000000000222e-01 3.455495109994402014e-01 2.813283977655046832e-08
4.100000000000000311e-01 3.564164050249024052e-01 7.532889347656456692e-08
4.199999999999999845e-01 3.672418922606296432e-01 1.928579626289296528e-07
4.299999999999999933e-01 3.780176010704414669e-01 4.728888846474788368e-07
4.400000000000000022e-01 3.887352129070094642e-01 1.112285380736705251e-06
4.500000000000000111e-01 3.993863631272792092e-01 2.513464882218055963e-06
4.600000000000000200e-01 4.099624625132120559e-01 5.464719569537645381e-06
4.700000000000000289e-01 4.204543918005165248e-01 1.144766061256211261e-05
4.799999999999999822e-01 4.308520036905237327e-01 2.313727808726048315e-05
4.899999999999999911e-01 4.411433490461164064e-01 4.517788675947164302e-05
5.000000000000000000e-01 4.513135308110078903e-01 8.533139255806839493e-05
5.100000000000000089e-01 4.613430871147815027e-01 1.560963941184290995e-04
5.200000000000000178e-01 4.712058216974949199e-01 2.768799647337903073e-04
5.300000000000000266e-01 4.808660425425504426e-01 4.767612072347047905e-04
5.400000000000000355e-01 4.902752432338576272e-01 7.978120488633463772e-04
5.500000000000000444e-01 4.993683657778039131e-01 1.298836520366338171e-03
5.600000000000000533e-01 5.080599109657277790e-01 2.059262429842061756e-03
5.700000000000000622e-01 5.162402971246454753e-01 3.182784571125978242e-03
5.799999999999999600e-01 5.237729873399962210e-01 4.800239371584732150e-03
5.899999999999999689e-01 5.304929817314126828e-01 7.071114387726271967e-03
5.999999999999999778e-01 5.362072786785696543e-01 1.018308874115215860e-02
6.099999999999999867e-01 5.406978273717382155e-01 1.434908210860626719e-02
6.199999999999999956e-01 5.437273165298275313e-01 1.980146740766514438e-02
6.300000000000000044e-01 5.450478797784154006e-01 2.678336665965979843e-02
6.400000000000000133e-01 5.444124733896298363e-01 3.553727427940970435e-02
6.500000000000000222e-01 5.415883376203779465e-01 4.629159645984445154e-02
6.600000000000000311e-01 5.363716377684408787e-01 5.924601034495030616e-02
6.700000000000000400e-01 5.286021442496184886e-01 7.455678333032762783e-02
6.800000000000000488e-01 5.181766925506811061e-01 9.232331097644481954e-02
6.900000000000000577e-01 5.050601875815283748e-01 1.125771078383991097e-01
7.000000000000000666e-01 4.892930856761478764e-01 1.352743159610913515e-01
7.099999999999999645e-01 4.709945827488169479e-01 1.602924992551290062e-01
7.199999999999999734e-01 4.503611221112572283e-01 1.874321050982083736e-01
7.299999999999999822e-01 4.276602614410070502e-01 2.164225459214671743e-01
7.399999999999999911e-01 4.032203526522303849e-01 2.469324358694170995e-01
7.500000000000000000e-01 3.774168424447531534e-01 2.785831594150234847e-01
7.600000000000000089e-01 3.506562575889106137e-01 3.109646878017731653e-01
7.700000000000000178e-01 3.233590754642174936e-01 3.436524179419359060e-01
7.800000000000000266e-01 2.959426919121764255e-01 3.762237928301855883e-01
7.900000000000000355e-01 2.688055957677198959e-01 4.082735630883296274e-01
8.000000000000000444e-01 2.423136655742024193e-01 4.394267442608547625e-01
8.100000000000000533e-01 2.167892497404010355e-01 4.693485846567886921e-01
8.200000000000000622e-01 1.925034101853917712e-01 4.977511518189560724e-01
8.300000000000000711e-01 1.696714328110209002e-01 5.243964415167634563e-01
8.399999999999999689e-01 1.484514619402504676e-01 5.490961855777062306e-01
8.499999999999999778e-01 1.289459185362714921e-01 5.717087644614414765e-01
8.599999999999999867e-01 1.112052235759975749e-01 5.921338048445776714e-01
8.699999999999999956e-01 9.523327049836517733e-02 6.103051558006360455e-01
8.800000000000000044e-01 8.099406974811031168e-02 6.261829890667490739e-01
8.900000000000000133e-01 6.841901497518192155e-02 6.397457631359958485e-01
9.000000000000000222e-01 5.741428263748739325e-02 6.509827340862255340e-01
9.100000000000000311e-01 4.786796197318168161e-02 6.598875965697857948e-01
9.200000000000000400e-01 3.965660861843891410e-02 6.664537058253389157e-01
9.300000000000000488e-01 3.265101234177596873e-02 6.706711762891796047e-01
9.400000000000000577e-01 2.672105957250106231e-02 6.725259852705149921e-01
9.500000000000000666e-01 2.173964926604752060e-02 6.720010424005830041e-01
9.599999999999999645e-01 1.758568321161139633e-02 6.690790282944683032e-01
9.699999999999999734e-01 1.414619823234833026e-02 6.637466696023097690e-01
9.799999999999999822e-01 1.131773852468279107e-02 6.560000115996290626e-01
9.899999999999999911e-01 9.007083392591892085e-03 6.458501808261837285e-01
1.000000000000000000e+00 7.131451248230139157e-03 6.333291033832427752e-01
1.010000000000000009e+00 5.618297607884683090e-03 6.184946603689759348e-01
1.020000000000000018e+00 4.404815492844578809e-03 6.014348180578578118e-01
1.030000000000000027e+00 3.437233470309276374e-03 5.822703609238366607e-01
1.040000000000000036e+00 2.669991484914841819e-03 5.611559717549641224e-01
1.050000000000000044e+00 2.064859157179288734e-03 5.382795342472105338e-01
1.060000000000000053e+00 1.590046462170654085e-03 5.138596680752559598e-01
1.070000000000000062e+00 1.219343372216623962e-03 4.881416332932819735e-01
1.080000000000000071e+00 9.313135555617255493e-04 4.613918501683674789e-01
1.090000000000000080e+00 7.085577227389454726e-04 4.338913645834187038e-01
1.100000000000000089e+00 5.370546756275506759e-04 4.059286431627877056e-01
1.110000000000000098e+00 4.055823900170770456e-04 3.777921044960276253e-01
1.120000000000000107e+00 3.052173284446106898e-04 3.497627843960105509e-01
1.130000000000000115e+00 2.289073811570940147e-04 3.221074976586832950e-01
1.140000000000000124e+00 1.711121106799103704e-04 2.950728018052772850e-01
1.150000000000000133e+00 1.275030867676981176e-04 2.688799964431333178e-01
1.159999999999999920e+00 9.471682787979483461e-05 2.437213122333474202e-01
1.169999999999999929e+00 7.015303000749452660e-05 2.197573627672294305e-01
1.179999999999999938e+00 5.181121496754316513e-05 1.971158568483001861e-01
1.189999999999999947e+00 3.815955178280565655e-05 1.758915024367446178e-01
1.199999999999999956e+00 2.803030900484816204e-05 1.561469800798619134e-01
1.209999999999999964e+00 2.053711989312036456e-05 1.379148247830447593e-01
1.219999999999999973e+00 1.500994345384086912e-05 1.212000313501199050e-01
1.229999999999999982e+00 1.094425545471434011e-05 1.059831884491109627e-01
1.239999999999999991e+00 7.961589624951670934e-06 9.222394935478549216e-02
1.250000000000000000e+00 5.779063960664753991e-06 7.986466020392481158e-02
1.260000000000000009e+00 4.185970036368327585e-06 6.883398709262268655e-02
1.270000000000000018e+00 3.025878031075055740e-06 5.905040882367972727e-02
1.280000000000000027e+00 2.183022689968302796e-06 5.042547011832254622e-02
1.290000000000000036e+00 1.571992691863615739e-06 4.286671849779747495e-02
1.300000000000000044e+00 1.129955249327675714e-06 3.628027508221465247e-02
1.310000000000000053e+00 8.108164202791116373e-07 3.057301395795080853e-02
1.320000000000000062e+00 5.808522189279654785e-07 2.565434568343483504e-02
1.330000000000000071e+00 4.154521476737704362e-07 2.143761749106843847e-02
1.340000000000000080e+00 2.967004394395431915e-07 1.784115569710573515e-02
1.350000000000000089e+00 2.115855373196182882e-07 1.478898491833481425e-02
1.360000000000000098e+00 1.506788765156230173e-07 1.221126427656009199e-02
1.370000000000000107e+00 1.071629363790235246e-07 1.004448333616866744e-02
1.380000000000000115e+00 7.611831379106370100e-08 8.231460616146555123e-03
1.390000000000000124e+00 5.400224205543960389e-08 6.721185707334906105e-03
1.400000000000000133e+00 3.826815711476865908e-08 5.468542843180430706e-03
1.409999999999999920e+00 2.708886349078928406e-08 4.433949698851291470e-03
1.419999999999999929e+00 1.915557447714688362e-08 3.582940640765361947e-03
1.429999999999999938e+00 1.353236675664682333e-08 2.885718950923407081e-03
1.439999999999999947e+00 9.551001280485481935e-09 2.316697965655338618e-03
1.449999999999999956e+00 6.735073990586840988e-09 1.854046782262823130e-03
1.459999999999999964e+00 4.745427201160609835e-09 1.479252321718798864e-03
1.469999999999999973e+00 3.340937026705732581e-09 1.176706159624995099e-03
1.479999999999999982e+00 2.350397339088384730e-09 9.333216766484288881e-04
1.489999999999999991e+00 1.652394422520591547e-09 7.381847266386776327e-04
1.500000000000000000e+00 1.160925801967412843e-09 5.822391453152406552e-04
1.510000000000000009e+00 8.151393576225724726e-10 4.580069794514291469e-04
1.520000000000000018e+00 5.720233385998900504e-10 3.593422520676759391e-04
1.530000000000000027e+00 4.012059956175487452e-10 2.812163363216599603e-04
1.540000000000000036e+00 2.812611390851178526e-10 2.195325332879539287e-04
1.550000000000000044e+00 1.970865612947036564e-10 1.709671838440731079e-04
1.560000000000000053e+00 1.380464077155458466e-10 1.328345447483517019e-04
1.570000000000000062e+00 9.665617076986255827e-11 1.029726821097205568e-04
1.580000000000000071e+00 6.765272783185774795e-11 7.964774656808111032e-05
1.590000000000000080e+00 4.733767126777778480e-11 6.147416463709314439e-05
1.600000000000000089e+00 3.311375152188012273e-11 4.734848660866863726e-05
1.610000000000000098e+00 2.315812077570090867e-11 3.639485518947150201e-05
1.620000000000000107e+00 1.619220321606782814e-11 2.792028713361753865e-05
1.630000000000000115e+00 1.131952712171701253e-11 2.137818283876093749e-05
1.640000000000000124e+00 7.911934193115259636e-12 1.633868955960856933e-05
1.650000000000000133e+00 5.529453447628827405e-12 1.246473840010668361e-05
1.660000000000000142e+00 3.864006166032315284e-12 9.492751302080564417e-06
1.669999999999999929e+00 2.699982940893713291e-12 7.217171007557302448e-06
1.679999999999999938e+00 1.886539195853701138e-12 5.478104606052396708e-06
1.689999999999999947e+00 1.318134299996998054e-12 4.151490656404210863e-06
1.699999999999999956e+00 9.209932380048751671e-13 3.141302309592330255e-06
1.709999999999999964e+00 6.435160787982238690e-13 2.373385921696720677e-06
1.719999999999999973e+00 4.496571697101134503e-13 1.790608000763923202e-06
1.729999999999999982e+00 3.142201500576314603e-13 1.349044655022044257e-06
1.739999999999999991e+00 2.196122896391689528e-13 1.014998605119988085e-06
1.750000000000000000e+00 1.534841527145584656e-13 7.626707844424052268e-07
1.760000000000000009e+00 1.072918971509994966e-13 5.723479342998950157e-07
1.770000000000000018e+00 7.501656168552161536e-14 4.289956133391547031e-07
1.780000000000000027e+00 5.244848139332112057e-14 3.211687406062571537e-07
1.790000000000000036e+00 3.668070827586089724e-14 2.401700947730659898e-07
1.800000000000000044e+00 2.566396571392671803e-14 1.794018814483736075e-07
1.810000000000000053e+00 1.796259680999937939e-14 1.338672156251682335e-07
1.820000000000000062e+00 1.256694307620940037e-14 9.978770366246763239e-08
1.830000000000000071e+00 8.791356787930841434e-15 7.431070849261422761e-08
1.840000000000000080e+00 6.164007727761383307e-15 5.528572352600422820e-08
1.850000000000000089e+00 4.310566552940646244e-15 4.109387581107562484e-08
1.860000000000000098e+00 3.028049941773171546e-15 3.051818197159550532e-08
1.870000000000000107e+00 2.127011465304418226e-15 2.264499624493002961e-08
1.880000000000000115e+00 1.493468604530969381e-15 1.678928281020230983e-08
1.890000000000000124e+00 1.036597203595910845e-15 1.243804888465691895e-08
1.900000000000000133e+00 7.317960732326627465e-16 9.207594830194465049e-09
1.910000000000000142e+00 5.120020781286887705e-16 6.811256829724166753e-09
1.919999999999999929e+00 3.581544662179507473e-16 5.035103532167500570e-09
1.929999999999999938e+00 2.524914840395196592e-16 3.719652108805351600e-09
1.939999999999999947e+00 1.785166860948164609e-16 2.746131890757874717e-09
1.949999999999999956e+00 1.209641711437764137e-16 2.026178494845425320e-09
1.959999999999999964e+00 9.206801691810876828e-17 1.494111673538644454e-09
1.969999999999999973e+00 6.434208877070234285e-17 1.101156375220295602e-09
1.979999999999999982e+00 3.776407730890288478e-17 8.111231110623715173e-10
1.989999999999999991e+00 2.462285059985986094e-17 5.971829324799464367e-10
2.000000000000000000e+00 2.407728128690946829e-17 4.394622339113491771e-10
2.010000000000000231e+00 1.176969305574293629e-17 3.232509476317463771e-10
2.020000000000000018e+00 1.150460081715202379e-17 2.376688774136118740e-10
2.030000000000000249e+00 1.124337930150599916e-17 1.746743299833718164e-10
2.040000000000000036e+00 0.000000000000000000e+00 1.283275609417770753e-10
2.049999999999999822e+00 0.000000000000000000e+00 9.424413667172970917e-11
2.060000000000000053e+00 0.000000000000000000e+00 6.918971753580596434e-11
2.069999999999999840e+00 0.000000000000000000e+00 5.077976550430351866e-11
2.080000000000000071e+00 0.000000000000000000e+00 3.725723301787019799e-11
2.089999999999999858e+00 0.000000000000000000e+00 2.732813089031024910e-11
2.100000000000000089e+00 0.000000000000000000e+00 2.003997075685511101e-11
2.109999999999999876e+00 0.000000000000000000e+00 1.469198361710496519e-11
2.120000000000000107e+00 0.000000000000000000e+00 1.076881334972193519e-11
2.129999999999999893e+00 0.000000000000000000e+00 7.891635665717349695e-12
2.140000000000000124e+00 0.000000000000000000e+00 5.782104407550539251e-12
2.149999999999999911e+00 0.000000000000000000e+00 4.235764791208159056e-12
2.160000000000000142e+00 0.000000000000000000e+00 3.102507799307181122e-12
2.169999999999999929e+00 0.000000000000000000e+00 2.272139398407401567e-12
2.180000000000000160e+00 0.000000000000000000e+00 1.663817759233766677e-12
2.189999999999999947e+00 0.000000000000000000e+00 1.218229933618355531e-12
2.200000000000000178e+00 0.000000000000000000e+00 8.919042339738903942e-13
2.209999999999999964e+00 0.000000000000000000e+00 6.529427621978936090e-13
2.220000000000000195e+00 0.000000000000000000e+00 4.779752755407094959e-13
2.229999999999999982e+00 0.000000000000000000e+00 3.498781147239593302e-13
2.240000000000000213e+00 0.000000000000000000e+00 2.561012308676602412e-13
2.250000000000000000e+00 0.000000000000000000e+00 1.874590403134975516e-13
2.260000000000000231e+00 0.000000000000000000e+00 1.372097122751739994e-13
2.270000000000000018e+00 0.000000000000000000e+00 1.004356911031548964e-13
2.280000000000000249e+00 0.000000000000000000e+00 7.351530704690434846e-14
2.290000000000000036e+00 0.000000000000000000e+00 5.381670415028282227e-14
2.300000000000000266e+00 0.000000000000000000e+00 3.939346156416903983e-14
2.310000000000000053e+00 0.000000000000000000e+00 2.883983432968017991e-14
2.319999999999999840e+00 0.000000000000000000e+00 2.111414100763760632e-14
2.330000000000000071e+00 0.000000000000000000e+00 1.545793365940586551e-14
2.339999999999999858e+00 0.000000000000000000e+00 1.131945748820939697e-14
2.350000000000000089e+00 0.000000000000000000e+00 8.291586680549370729e-15
2.359999999999999876e+00 0.000000000000000000e+00 6.072113698125966354e-15
2.370000000000000107e+00 0.000000000000000000e+00 4.447574203944711422e-15
2.379999999999999893e+00 0.000000000000000000e+00 3.256152314445057105e-15
2.390000000000000124e+00 0.000000000000000000e+00 2.386399670585543391e-15
2.399999999999999911e+00 0.000000000000000000e+00 1.750172859952802725e-15
2.410000000000000142e+00 0.000000000000000000e+00 1.280196765776664886e-15
2.419999999999999929e+00 0.000000000000000000e+00 9.397218005304305507e-16
2.430000000000000160e+00 0.000000000000000000e+00 6.876955294791007758e-16
2.439999999999999947e+00 0.000000000000000000e+00 5.059675803069522445e-16
2.450000000000000178e+00 0.000000000000000000e+00 3.707880514319666554e-16
2.459999999999999964e+00 0.000000000000000000e+00 2.714419233202488701e-16
2.470000000000000195e+00 0.000000000000000000e+00 1.982434846783914486e-16
2.479999999999999982e+00 0.000000000000000000e+00 1.457916041895565560e-16
2.490000000000000213e+00 0.000000000000000000e+00 1.059807407408892020e-16
2.500000000000000000e+00 0.000000000000000000e+00 7.780554350927866568e-17
2.510000000000000231e+00 0.000000000000000000e+00 5.729359676538773614e-17
2.520000000000000018e+00 0.000000000000000000e+00 4.381776429573893385e-17
2.530000000000000249e+00 0.000000000000000000e+00 3.112308996161187046e-17
2.540000000000000036e+00 0.000000000000000000e+00 2.191975801428646355e-17
2.550000000000000266e+00 0.000000000000000000e+00 1.591759764419219595e-17
2.560000000000000053e+00 0.000000000000000000e+00 1.284108195950185917e-17
2.569999999999999840e+00 0.000000000000000000e+00 9.943101247914857710e-18
2.580000000000000071e+00 0.000000000000000000e+00 7.216695393294471746e-18
2.589999999999999858e+00 0.000000000000000000e+00 4.655083058496595875e-18
2.600000000000000089e+00 0.000000000000000000e+00 4.503320922597199382e-18
2.609999999999999876e+00 0.000000000000000000e+00 2.177878180876129440e-18
2.620000000000000107e+00 0.000000000000000000e+00 2.106151263083867790e-18
2.629999999999999893e+00 0.000000000000000000e+00 2.036436626078160077e-18
2.640000000000000124e+00 0.000000000000000000e+00 1.968691551524334545e-18
2.649999999999999911e+00 0.000000000000000000e+00 0.000000000000000000e+00
2.660000000000000142e+00 0.000000000000000000e+00 0.000000000000000000e+00
2.669999999999999929e+00 0.000000000000000000e+00 0.000000000000000000e+00
2.680000000000000160e+00 0.000000000000000000e+00 0.000000000000000000e+00
2.689999999999999947e+00 0.000000000000000000e+00 0.000000000000000000e+00
2.700000000000000178e+00 0.000000000000000000e+00 0.000000000000000000e+00
2.709999999999999964e+00 0.000000000000000000e+00 0.000000000000000000e+00
2.720000000000000195e+00 0.000000000000000000e+00 0.000000000000000000e+00
2.729999999999999982e+00 0.000000000000000000e+00 0.000000000000000000e+00
2.740000000000000213e+00 0.000000000000000000e+00 0.000000000000000000e+00
2.750000000000000000e+00 0.000000000000000000e+00 0.000000000000000000e+00
2.760000000000000231e+00 0.000000000000000000e+00 0.000000000000000000e+00
2.770000000000000018e+00 0.000000000000000000e+00 0.000000000000000000e+00
2.780000000000000249e+00 0.000000000000000000e+00 0.000000000000000000e+00
2.790000000000000036e+00 0.000000000000000000e+00 0.000000000000000000e+00
2.800000000000000266e+00 0.000000000000000000e+00 0.000000000000000000e+00
2.810000000000000053e+00 0.000000000000000000e+00 0.000000000000000000e+00
2.819999999999999840e+00 0.000000000000000000e+00 0.000000000000000000e+00
2.830000000000000071e+00 0.000000000000000000e+00 0.000000000000000000e+00
2.839999999999999858e+00 0.000000000000000000e+00 0.000000000000000000e+00
2.850000000000000089e+00 0.000000000000000000e+00 0.000000000000000000e+00
2.859999999999999876e+00 0.000000000000000000e+00 0.000000000000000000e+00
2.870000000000000107e+00 0.000000000000000000e+00 0.000000000000000000e+00
2.879999999999999893e+00 0.000000000000000000e+00 0.000000000000000000e+00
2.890000000000000124e+00 0.000000000000000000e+00 0.000000000000000000e+00
2.899999999999999911e+00 0.000000000000000000e+00 0.000000000000000000e+00
2.910000000000000142e+00 0.000000000000000000e+00 0.000000000000000000e+00
2.919999999999999929e+00 0.000000000000000000e+00 0.000000000000000000e+00
2.930000000000000160e+00 0.000000000000000000e+00 0.000000000000000000e+00
2.939999999999999947e+00 0.000000000000000000e+00 0.000000000000000000e+00
2.950000000000000178e+00 0.000000000000000000e+00 0.000000000000000000e+00
2.959999999999999964e+00 0.000000000000000000e+00 0.000000000000000000e+00
2.970000000000000195e+00 0.000000000000000000e+00 0.000000000000000000e+00
2.979999999999999982e+00 0.000000000000000000e+00 0.000000000000000000e+00
2.990000000000000213e+00 0.000000000000000000e+00 0.000000000000000000e+00
3.000000000000000000e+00 0.000000000000000000e+00 0.000000000000000000e+00
3.010000000000000231e+00 0.000000000000000000e+00 0.000000000000000000e+00
3.020000000000000018e+00 0.000000000000000000e+00 0.000000000000000000e+00
3.030000000000000249e+00 0.000000000000000000e+00 0.000000000000000000e+00
3.040000000000000036e+00 0.000000000000000000e+00 0.000000000000000000e+00
3.050000000000000266e+00 0.000000000000000000e+00 0.000000000000000000e+00
3.060000000000000053e+00 0.000000000000000000e+00 0.000000000000000000e+00
3.070000000000000284e+00 0.000000000000000000e+00 0.000000000000000000e+00
3.080000000000000071e+00 0.000000000000000000e+00 0.000000000000000000e+00
3.089999999999999858e+00 0.000000000000000000e+00 0.000000000000000000e+00
3.100000000000000089e+00 0.000000000000000000e+00 0.000000000000000000e+00
3.109999999999999876e+00 0.000000000000000000e+00 0.000000000000000000e+00
3.120000000000000107e+00 0.000000000000000000e+00 0.000000000000000000e+00
3.129999999999999893e+00 0.000000000000000000e+00 0.000000000000000000e+00
3.140000000000000124e+00 0.000000000000000000e+00 0.000000000000000000e+00
3.149999999999999911e+00 0.000000000000000000e+00 0.000000000000000000e+00
3.160000000000000142e+00 0.000000000000000000e+00 0.000000000000000000e+00
3.169999999999999929e+00 0.000000000000000000e+00 0.000000000000000000e+00
3.180000000000000160e+00 0.000000000000000000e+00 0.000000000000000000e+00
3.189999999999999947e+00 0.000000000000000000e+00 0.000000000000000000e+00
3.200000000000000178e+00 0.000000000000000000e+00 0.000000000000000000e+00
3.209999999999999964e+00 0.000000000000000000e+00 0.000000000000000000e+00
3.220000000000000195e+00 0.000000000000000000e+00 0.000000000000000000e+00
3.229999999999999982e+00 0.000000000000000000e+00 0.000000000000000000e+00
3.240000000000000213e+00 0.000000000000000000e+00 0.000000000000000000e+00
3.250000000000000000e+00 0.000000000000000000e+00 0.000000000000000000e+00
3.260000000000000231e+00 0.000000000000000000e+00 0.000000000000000000e+00
3.270000000000000018e+00 0.000000000000000000e+00 0.000000000000000000e+00
3.280000000000000249e+00 0.000000000000000000e+00 0.000000000000000000e+00
3.290000000000000036e+00 0.000000000000000000e+00 0.000000000000000000e+00
3.300000000000000266e+00 0.000000000000000000e+00 0.000000000000000000e+00
3.310000000000000053e+00 0.000000000000000000e+00 0.000000000000000000e+00
3.320000000000000284e+00 0.000000000000000000e+00 0.000000000000000000e+00
3.330000000000000071e+00 0.000000000000000000e+00 0.000000000000000000e+00
3.339999999999999858e+00 0.000000000000000000e+00 0.000000000000000000e+00
3.350000000000000089e+00 0.000000000000000000e+00 0.000000000000000000e+00
3.359999999999999876e+00 0.000000000000000000e+00 0.000000000000000000e+00
3.370000000000000107e+00 0.000000000000000000e+00 0.000000000000000000e+00
3.379999999999999893e+00 0.000000000000000000e+00 0.000000000000000000e+00
3.390000000000000124e+00 0.000000000000000000e+00 0.000000000000000000e+00
3.399999999999999911e+00 0.000000000000000000e+00 0.000000000000000000e+00
3.410000000000000142e+00 0.000000000000000000e+00 0.000000000000000000e+00
3.419999999999999929e+00 0.000000000000000000e+00 0.000000000000000000e+00
3.430000000000000160e+00 0.000000000000000000e+00 0.000000000000000000e+00
3.439999999999999947e+00 0.000000000000000000e+00 0.000000000000000000e+00
3.450000000000000178e+00 0.000000000000000000e+00 0.000000000000000000e+00
3.459999999999999964e+00 0.000000000000000000e+00 0.000000000000000000e+00
3.470000000000000195e+00 0.000000000000000000e+00 0.000000000000000000e+00
3.479999999999999982e+00 0.000000000000000000e+00 0.000000000000000000e+00
3.490000000000000213e+00 0.000000000000000000e+00 0.000000000000000000e+00
3.500000000000000000e+00 0.000000000000000000e+00 0.000000000000000000e+00
3.510000000000000231e+00 0.000000000000000000e+00 0.000000000000000000e+00
3.520000000000000018e+00 0.000000000000000000e+00 0.000000000000000000e+00
3.530000000000000249e+00 0.000000000000000000e+00 0.000000000000000000e+00
3.540000000000000036e+00 0.000000000000000000e+00 0.000000000000000000e+00
3.550000000000000266e+00 0.000000000000000000e+00 0.000000000000000000e+00
3.560000000000000053e+00 0.000000000000000000e+00 0.000000000000000000e+00
3.570000000000000284e+00 0.000000000000000000e+00 0.000000000000000000e+00
3.580000000000000071e+00 0.000000000000000000e+00 0.000000000000000000e+00
3.589999999999999858e+00 0.000000000000000000e+00 0.000000000000000000e+00
3.600000000000000089e+00 0.000000000000000000e+00 0.000000000000000000e+00
3.609999999999999876e+00 0.000000000000000000e+00 0.000000000000000000e+00
3.620000000000000107e+00 0.000000000000000000e+00 0.000000000000000000e+00
3.629999999999999893e+00 0.000000000000000000e+00 0.000000000000000000e+00
3.640000000000000124e+00 0.000000000000000000e+00 0.000000000000000000e+00
3.649999999999999911e+00 0.000000000000000000e+00 0.000000000000000000e+00
3.660000000000000142e+00 0.000000000000000000e+00 0.000000000000000000e+00
3.669999999999999929e+00 0.000000000000000000e+00 0.000000000000000000e+00
3.680000000000000160e+00 0.000000000000000000e+00 0.000000000000000000e+00
3.689999999999999947e+00 0.000000000000000000e+00 0.000000000000000000e+00
3.700000000000000178e+00 0.000000000000000000e+00 0.000000000000000000e+00
3.709999999999999964e+00 0.000000000000000000e+00 0.000000000000000000e+00
3.720000000000000195e+00 0.000000000000000000e+00 0.000000000000000000e+00
3.729999999999999982e+00 0.000000000000000000e+00 0.000000000000000000e+00
3.740000000000000213e+00 0.000000000000000000e+00 0.000000000000000000e+00
3.750000000000000000e+00 0.000000000000000000e+00 0.000000000000000000e+00
3.760000000000000231e+00 0.000000000000000000e+00 0.000000000000000000e+00
3.770000000000000018e+00 0.000000000000000000e+00 0.000000000000000000e+00
3.780000000000000249e+00 0.000000000000000000e+00 0.000000000000000000e+00
3.790000000000000036e+00 0.000000000000000000e+00 0.000000000000000000e+00
3.800000000000000266e+00 0.000000000000000000e+00 0.000000000000000000e+00
3.810000000000000053e+00 0.000000000000000000e+00 0.000000000000000000e+00
3.820000000000000284e+00 0.000000000000000000e+00 0.000000000000000000e+00
3.830000000000000071e+00 0.000000000000000000e+00 0.000000000000000000e+00
3.839999999999999858e+00 0.000000000000000000e+00 0.000000000000000000e+00
3.850000000000000089e+00 0.000000000000000000e+00 0.000000000000000000e+00
3.859999999999999876e+00 0.000000000000000000e+00 0.000000000000000000e+00
3.870000000000000107e+00 0.000000000000000000e+00 0.000000000000000000e+00
3.879999999999999893e+00 0.000000000000000000e+00 0.000000000000000000e+00
3.890000000000000124e+00 0.000000000000000000e+00 0.000000000000000000e+00
3.899999999999999911e+00 0.000000000000000000e+00 0.000000000000000000e+00
3.910000000000000142e+00 0.000000000000000000e+00 0.000000000000000000e+00
3.919999999999999929e+00 0.000000000000000000e+00 0.000000000000000000e+00
3.930000000000000160e+00 0.000000000000000000e+00 0.000000000000000000e+00
3.939999999999999947e+00 0.000000000000000000e+00 0.000000000000000000e+00
3.950000000000000178e+00 0.000000000000000000e+00 0.000000000000000000e+00
3.959999999999999964e+00 0.000000000000000000e+00 0.000000000000000000e+00
3.970000000000000195e+00 0.000000000000000000e+00 0.000000000000000000e+00
3.979999999999999982e+00 0.000000000000000000e+00 0.000000000000000000e+00
3.990000000000000213e+00 0.000000000000000000e+00 0.000000000000000000e+00
4.000000000000000000e+00 0.000000000000000000e+00 0.000000000000000000e+00
4.009999999999999787e+00 0.000000000000000000e+00 0.000000000000000000e+00
4.020000000000000462e+00 0.000000000000000000e+00 0.000000000000000000e+00
4.030000000000000249e+00 0.000000000000000000e+00 0.000000000000000000e+00
4.040000000000000036e+00 0.000000000000000000e+00 0.000000000000000000e+00
4.049999999999999822e+00 0.000000000000000000e+00 0.000000000000000000e+00
4.060000000000000497e+00 0.000000000000000000e+00 0.000000000000000000e+00
4.070000000000000284e+00 0.000000000000000000e+00 0.000000000000000000e+00
4.080000000000000071e+00 0.000000000000000000e+00 0.000000000000000000e+00
4.089999999999999858e+00 0.000000000000000000e+00 0.000000000000000000e+00
4.099999999999999645e+00 0.000000000000000000e+00 0.000000000000000000e+00
4.110000000000000320e+00 0.000000000000000000e+00 0.000000000000000000e+00
4.120000000000000107e+00 0.000000000000000000e+00 0.000000000000000000e+00
4.129999999999999893e+00 0.000000000000000000e+00 0.000000000000000000e+00
4.139999999999999680e+00 0.000000000000000000e+00 0.000000000000000000e+00
4.150000000000000355e+00 0.000000000000000000e+00 0.000000000000000000e+00
4.160000000000000142e+00 0.000000000000000000e+00 0.000000000000000000e+00
4.169999999999999929e+00 0.000000000000000000e+00 0.000000000000000000e+00
4.179999999999999716e+00 0.000000000000000000e+00 0.000000000000000000e+00
4.190000000000000391e+00 0.000000000000000000e+00 0.000000000000000000e+00
4.200000000000000178e+00 0.000000000000000000e+00 0.000000000000000000e+00
4.209999999999999964e+00 0.000000000000000000e+00 0.000000000000000000e+00
4.219999999999999751e+00 0.000000000000000000e+00 0.000000000000000000e+00
4.230000000000000426e+00 0.000000000000000000e+00 0.000000000000000000e+00
4.240000000000000213e+00 0.000000000000000000e+00 0.000000000000000000e+00
4.250000000000000000e+00 0.000000000000000000e+00 0.000000000000000000e+00
4.259999999999999787e+00 0.000000000000000000e+00 0.000000000000000000e+00
4.270000000000000462e+00 0.000000000000000000e+00 0.000000000000000000e+00
4.280000000000000249e+00 0.000000000000000000e+00 0.000000000000000000e+00
4.290000000000000036e+00 0.000000000000000000e+00 0.000000000000000000e+00
4.299999999999999822e+00 0.000000000000000000e+00 0.000000000000000000e+00
4.310000000000000497e+00 0.000000000000000000e+00 0.000000000000000000e+00
4.320000000000000284e+00 0.000000000000000000e+00 0.000000000000000000e+00
4.330000000000000071e+00 0.000000000000000000e+00 0.000000000000000000e+00
4.339999999999999858e+00 0.000000000000000000e+00 0.000000000000000000e+00
4.350000000000000533e+00 0.000000000000000000e+00 0.000000000000000000e+00
4.360000000000000320e+00 0.000000000000000000e+00 0.000000000000000000e+00
4.370000000000000107e+00 0.000000000000000000e+00 0.000000000000000000e+00
4.379999999999999893e+00 0.000000000000000000e+00 0.000000000000000000e+00
4.389999999999999680e+00 0.000000000000000000e+00 0.000000000000000000e+00
4.400000000000000355e+00 0.000000000000000000e+00 0.000000000000000000e+00
4.410000000000000142e+00 0.000000000000000000e+00 0.000000000000000000e+00
4.419999999999999929e+00 0.000000000000000000e+00 0.000000000000000000e+00
4.429999999999999716e+00 0.000000000000000000e+00 0.000000000000000000e+00
4.440000000000000391e+00 0.000000000000000000e+00 0.000000000000000000e+00
4.450000000000000178e+00 0.000000000000000000e+00 0.000000000000000000e+00
4.459999999999999964e+00 0.000000000000000000e+00 0.000000000000000000e+00
4.469999999999999751e+00 0.000000000000000000e+00 0.000000000000000000e+00
4.480000000000000426e+00 0.000000000000000000e+00 0.000000000000000000e+00
4.490000000000000213e+00 0.000000000000000000e+00 0.000000000000000000e+00
4.500000000000000000e+00 0.000000000000000000e+00 0.000000000000000000e+00
4.509999999999999787e+00 0.000000000000000000e+00 0.000000000000000000e+00
4.520000000000000462e+00 0.000000000000000000e+00 0.000000000000000000e+00
4.530000000000000249e+00 0.000000000000000000e+00 0.000000000000000000e+00
4.540000000000000036e+00 0.000000000000000000e+00 0.000000000000000000e+00
4.549999999999999822e+00 0.000000000000000000e+00 0.000000000000000000e+00
4.560000000000000497e+00 0.000000000000000000e+00 0.000000000000000000e+00
4.570000000000000284e+00 0.000000000000000000e+00 0.000000000000000000e+00
4.580000000000000071e+00 0.000000000000000000e+00 0.000000000000000000e+00
4.589999999999999858e+00 0.000000000000000000e+00 0.000000000000000000e+00
4.600000000000000533e+00 0.000000000000000000e+00 0.000000000000000000e+00
4.610000000000000320e+00 0.000000000000000000e+00 0.000000000000000000e+00
4.620000000000000107e+00 0.000000000000000000e+00 0.000000000000000000e+00
4.629999999999999893e+00 0.000000000000000000e+00 0.000000000000000000e+00
4.639999999999999680e+00 0.000000000000000000e+00 0.000000000000000000e+00
4.650000000000000355e+00 0.000000000000000000e+00 0.000000000000000000e+00
4.660000000000000142e+00 0.000000000000000000e+00 0.000000000000000000e+00
4.669999999999999929e+00 0.000000000000000000e+00 0.000000000000000000e+00
4.679999999999999716e+00 0.000000000000000000e+00 0.000000000000000000e+00
4.690000000000000391e+00 0.000000000000000000e+00 0.000000000000000000e+00
4.700000000000000178e+00 0.000000000000000000e+00 0.000000000000000000e+00
4.709999999999999964e+00 0.000000000000000000e+00 0.000000000000000000e+00
4.719999999999999751e+00 0.000000000000000000e+00 0.000000000000000000e+00
4.730000000000000426e+00 0.000000000000000000e+00 0.000000000000000000e+00
4.740000000000000213e+00 0.000000000000000000e+00 0.000000000000000000e+00
4.750000000000000000e+00 0.000000000000000000e+00 0.000000000000000000e+00
4.759999999999999787e+00 0.000000000000000000e+00 0.000000000000000000e+00
4.770000000000000462e+00 0.000000000000000000e+00 0.000000000000000000e+00
4.780000000000000249e+00 0.000000000000000000e+00 0.000000000000000000e+00
4.790000000000000036e+00 0.000000000000000000e+00 0.000000000000000000e+00
4.799999999999999822e+00 0.000000000000000000e+00 0.000000000000000000e+00
4.810000000000000497e+00 0.000000000000000000e+00 0.000000000000000000e+00
4.820000000000000284e+00 0.000000000000000000e+00 0.000000000000000000e+00
4.830000000000000071e+00 0.000000000000000000e+00 0.000000000000000000e+00
4.839999999999999858e+00 0.000000000000000000e+00 0.000000000000000000e+00
4.850000000000000533e+00 0.000000000000000000e+00 0.000000000000000000e+00
4.860000000000000320e+00 0.000000000000000000e+00 0.000000000000000000e+00
4.870000000000000107e+00 0.000000000000000000e+00 0.000000000000000000e+00
4.879999999999999893e+00 0.000000000000000000e+00 0.000000000000000000e+00
4.889999999999999680e+00 0.000000000000000000e+00 0.000000000000000000e+00
4.900000000000000355e+00 0.000000000000000000e+00 0.000000000000000000e+00
4.910000000000000142e+00 0.000000000000000000e+00 0.000000000000000000e+00
4.919999999999999929e+00 0.000000000000000000e+00 0.000000000000000000e+00
4.929999999999999716e+00 0.000000000000000000e+00 0.000000000000000000e+00
4.940000000000000391e+00 0.000000000000000000e+00 0.000000000000000000e+00
4.950000000000000178e+00 0.000000000000000000e+00 0.000000000000000000e+00
4.959999999999999964e+00 0.000000000000000000e+00 0.000000000000000000e+00
4.969999999999999751e+00 0.000000000000000000e+00 0.000000000000000000e+00
4.980000000000000426e+00 0.000000000000000000e+00 0.000000000000000000e+00
4.990000000000000213e+00 0.000000000000000000e+00 0.000000000000000000e+00
5.000000000000000000e+00 0.000000000000000000e+00 0.000000000000000000e+00
