0.000000000000000000e+00 0.000000000000000000e+00 0.000000000000000000e+00
1.000000000000000021e-02 0.000000000000000000e+00 0.000000000000000000e+00
2.000000000000000042e-02 0.000000000000000000e+00 0.000000000000000000e+00
2.999999999999999889e-02 0.000000000000000000e+00 0.000000000000000000e+00
4.000000000000000083e-02 0.000000000000000000e+00 0.000000000000000000e+00
5.000000000000000278e-02 0.000000000000000000e+00 0.000000000000000000e+00
5.999999999999999778e-02 0.000000000000000000e+00 0.000000000000000000e+00
7.000000000000000666e-02 0.000000000000000000e+00 0.000000000000000000e+00
8.000000000000000167e-02 0.000000000000000000e+00 0.000000000000000000e+00
8.999999999999999667e-02 0.000000000000000000e+00 0.000000000000000000e+00
1.000000000000000056e-01 0.000000000000000000e+00 0.000000000000000000e+00
1.100000000000000006e-01 0.000000000000000000e+00 0.000000000000000000e+00
1.199999999999999956e-01 0.000000000000000000e+00 0.000000000000000000e+00
1.300000000000000044e-01 0.000000000000000000e+00 0.000000000000000000e+00
1.400000000000000133e-01 0.000000000000000000e+00 0.000000000000000000e+00
1.499999999999999944e-01 0.000000000000000000e+00 0.000000000000000000e+00
1.600000000000000033e-01 0.000000000000000000e+00 0.000000000000000000e+00
1.700000000000000122e-01 0.000000000000000000e+00 0.000000000000000000e+00
1.799999999999999933e-01 0.000000000000000000e+00 0.000000000000000000e+00
1.900000000000000022e-01 0.000000000000000000e+00 0.000000000000000000e+00
2.000000000000000111e-01 0.000000000000000000e+00 0.000000000000000000e+00
2.099999999999999922e-01 0.000000000000000000e+00 0.000000000000000000e+00
2.200000000000000011e-01 0.000000000000000000e+00 0.000000000000000000e+00
2.300000000000000100e-01 0.000000000000000000e+00 0.000000000000000000e+00
2.399999999999999911e-01 0.000000000000000000e+00 0.000000000000000000e+00
2.500000000000000000e-01 0.000000000000000000e+00 0.000000000000000000e+00
2.600000000000000089e-01 0.000000000000000000e+00 0.000000000000000000e+00
2.700000000000000178e-01 0.000000000000000000e+00 0.000000000000000000e+00
2.800000000000000266e-01 0.000000000000000000e+00 0.000000000000000000e+00
2.899999999999999800e-01 0.000000000000000000e+00 0.000000000000000000e+00
2.999999999999999889e-01 0.000000000000000000e+00 0.000000000000000000e+00
3.099999999999999978e-01 0.000000000000000000e+00 0.000000000000000000e+00
3.200000000000000067e-01 0.000000000000000000e+00 0.000000000000000000e+00
3.300000000000000155e-01 0.000000000000000000e+00 0.000000000000000000e+00
3.400000000000000244e-01 0.000000000000000000e+00 0.000000000000000000e+00
3.500000000000000333e-01 0.000000000000000000e+00 0.000000000000000000e+00
3.599999999999999867e-01 0.000000000000000000e+00 0.000000000000000000e+00
3.699999999999999956e-01 0.000000000000000000e+00 0.000000000000000000e+00
3.800000000000000044e-01 0.000000000000000000e+00 0.000000000000000000e+00
3.900000000000000133e-01 0.000000000000000000e+00 0.000000000000000000e+00
4.000000000000000222e-01 0.000000000000000000e+00 0.000000000000000000e+00
4.100000000000000311e-01 0.000000000000000000e+00 0.000000000000000000e+00
4.199999999999999845e-01 0.000000000000000000e+00 0.000000000000000000e+00
4.299999999999999933e-01 0.000000000000000000e+00 0.000000000000000000e+00
4.400000000000000022e-01 0.000000000000000000e+00 0.000000000000000000e+00
4.500000000000000111e-01 0.000000000000000000e+00 0.000000000000000000e+00
4.600000000000000200e-01 0.000000000000000000e+00 0.000000000000000000e+00
4.700000000000000289e-01 0.000000000000000000e+00 0.000000000000000000e+00
4.799999999999999822e-01 0.000000000000000000e+00 0.000000000000000000e+00
4.899999999999999911e-01 0.000000000000000000e+00 0.000000000000000000e+00
5.000000000000000000e-01 5.011534101145543459e-17 0.000000000000000000e+00
5.100000000000000089e-01 2.049468077523805556e-16 0.000000000000000000e+00
5.200000000000000178e-01 8.636940693148735105e-16 0.000000000000000000e+00
5.300000000000000266e-01 3.767504937405573431e-15 0.000000000000000000e+00
5.400000000000000355e-01 1.537465727950917325e-14 0.000000000000000000e+00
5.500000000000000444e-01 5.975411748414993337e-14 0.000000000000000000e+00
5.600000000000000533e-01 2.214129888757403200e-13 0.000000000000000000e+00
5.700000000000000622e-01 7.830387799077097932e-13 0.000000000000000000e+00
5.799999999999999600e-01 2.646886166283657862e-12 0.000000000000000000e+00
5.899999999999999689e-01 8.564369808719667552e-12 0.000000000000000000e+00
5.999999999999999778e-01 2.656128200553507587e-11 0.000000000000000000e+00
6.099999999999999867e-01 7.906276363770337246e-11 0.000000000000000000e+00
6.199999999999999956e-01 2.261623034735574779e-10 0.000000000000000000e+00
6.300000000000000044e-01 6.224870767506286974e-10 0.000000000000000000e+00
6.400000000000000133e-01 1.650522107997988509e-09 0.000000000000000000e+00
6.500000000000000222e-01 4.220799766222615784e-09 0.000000000000000000e+00
6.600000000000000311e-01 1.042162672717165301e-08 0.000000000000000000e+00
6.700000000000000400e-01 2.487211163837624230e-08 0.000000000000000000e+00
6.800000000000000488e-01 5.743543513715874233e-08 0.000000000000000000e+00
6.900000000000000577e-01 1.284624894281493761e-07 0.000000000000000000e+00
7.000000000000000666e-01 2.785652014179271095e-07 0.000000000000000000e+00
7.099999999999999645e-01 5.861960917182300496e-07 0.000000000000000000e+00
7.199999999999999734e-01 1.198182352121283638e-06 0.000000000000000000e+00
7.299999999999999822e-01 2.380963857349580048e-06 0.000000000000000000e+00
7.399999999999999911e-01 4.603694861614124678e-06 0.000000000000000000e+00
7.500000000000000000e-01 8.668551979054927415e-06 0.000000000000000000e+00
7.600000000000000089e-01 1.590831934137485737e-05 0.000000000000000000e+00
7.700000000000000178e-01 2.847610438828537241e-05 0.000000000000000000e+00
7.800000000000000266e-01 4.975606580370293665e-05 3.731549740360971962e-17
7.900000000000000355e-01 8.492617465911549189e-05 1.503606317300640417e-16
8.000000000000000444e-01 1.417028857516584677e-04 5.677809162170167011e-16
8.100000000000000533e-01 2.312916670643005307e-04 1.981259298585797519e-15
8.200000000000000622e-01 3.695552625612406883e-04 6.670697128255039509e-15
8.300000000000000711e-01 5.783924548756299482e-04 2.151682259392197224e-14
8.399999999999999689e-01 8.872938770677786914e-04 6.695739206360034104e-14
8.499999999999999778e-01 1.335009157593299153e-03 2.014269150780633904e-13
8.599999999999999867e-01 1.971223759789123356e-03 5.860358784162392052e-13
8.699999999999999956e-01 2.858108014241272487e-03 1.650621002539522897e-12
8.800000000000000044e-01 4.071569835156408149e-03 4.504646088869812265e-12
8.900000000000000133e-01 5.702021825017551497e-03 1.192179528970389719e-11
9.000000000000000222e-01 7.854468112110764982e-03 3.062227429201117143e-11
9.100000000000000311e-01 1.064773053274484065e-02 7.639942689777901153e-11
9.200000000000000400e-01 1.421267002200900936e-02 1.852810948621752158e-10
9.300000000000000488e-01 1.868931716249509420e-02 4.371017636087140296e-10
9.400000000000000577e-01 2.422290274102929103e-02 1.003823391743296953e-09
9.500000000000000666e-01 3.095886904216655841e-02 2.245740920134182039e-09
9.599999999999999645e-01 3.903703729675901679e-02 4.897621366882295878e-09
9.699999999999999734e-01 4.858519658925930518e-02 1.041888954826998737e-08
9.799999999999999822e-01 5.971245470560435781e-02 2.163454858429591308e-08
9.899999999999999911e-01 7.250274295120300028e-02 4.387693058747418014e-08
1.000000000000000000e+00 8.700888812468400568e-02 8.696630976087918328e-08
1.010000000000000009e+00 1.032476519160658579e-01 1.685580421340936930e-07
1.020000000000000018e+00 1.211960909198935149e-01 3.196552537384831643e-07
1.030000000000000027e+00 1.407895127602329932e-01 5.934604031560727567e-07
1.040000000000000036e+00 1.619212022643789772e-01 1.079235702277851047e-06
1.050000000000000044e+00 1.844439753245112890e-01 1.923474272658586476e-06
1.060000000000000053e+00 2.081734974722861120e-01 3.361451099540618021e-06
1.070000000000000062e+00 2.328931897835763987e-01 5.763104874213141900e-06
1.080000000000000071e+00 2.583604460251271440e-01 9.698149591839218595e-06
1.090000000000000080e+00 2.843138094922386117e-01 1.602624321637174755e-05
1.100000000000000089e+00 3.104807107238012343e-01 2.601882406855048616e-05
1.110000000000000098e+00 3.365853503110329825e-01 4.151969738955014078e-05
1.120000000000000107e+00 3.623563236295880841e-01 6.515141445260432972e-05
1.130000000000000115e+00 3.875336233636564875e-01 1.005737154649050141e-04
1.140000000000000124e+00 4.118747161156694481e-01 1.527985912870868891e-04
1.150000000000000133e+00 4.351594649668699688e-01 2.285636806501657194e-04
1.159999999999999920e+00 4.571937538358288866e-01 3.367616562566648790e-04
1.169999999999999929e+00 4.778117552821075642e-01 4.889179744852863640e-04
1.179999999999999938e+00 4.968768650949578758e-01 6.997030246348424302e-04
1.189999999999999947e+00 5.142813997011826954e-01 9.874576376248873130e-04
1.199999999999999956e+00 5.299452124737369374e-01 1.374703595668754245e-03
1.209999999999999964e+00 5.438134300794874587e-01 1.888603872454358741e-03
1.219999999999999973e+00 5.558535389744355681e-01 2.561331587986670662e-03
1.229999999999999982e+00 5.660520650494100803e-01 3.430302889109430268e-03
1.239999999999999991e+00 5.744110871817790231e-01 4.538227932665049071e-03
1.250000000000000000e+00 5.809448097103402375e-01 5.932936487252946957e-03
1.260000000000000009e+00 5.856763917935078334e-01 7.666940790116133671e-03
1.270000000000000018e+00 5.886351957507868216e-01 9.796708302130356649e-03
1.280000000000000027e+00 5.898545745291767783e-01 1.238163064341231412e-02
1.290000000000000036e+00 5.893702731422421071e-01 1.548269163728402224e-02
1.300000000000000044e+00 5.872194730060207313e-01 1.916085606256754531e-02
1.310000000000000053e+00 5.834404640891140970e-01 2.347522014831633988e-02
1.320000000000000062e+00 5.780728899953001543e-01 2.848098359081176895e-02
1.330000000000000071e+00 5.711584774526923258e-01 3.422731942238702030e-02
1.340000000000000080e+00 5.627421357158348680e-01 4.075523099139183314e-02
1.350000000000000089e+00 5.528732941271498058e-01 4.809549342019011492e-02
1.360000000000000098e+00 5.416073380263257686e-01 5.626677933307074747e-02
1.370000000000000107e+00 5.290070042809472683e-01 6.527406495791689134e-02
1.380000000000000115e+00 5.151436073403629079e-01 7.510740295077390771e-02
1.390000000000000124e+00 5.000979838002499456e-01 8.574113299474439565e-02
1.400000000000000133e+00 4.839610665153139535e-01 9.713358133989090371e-02
1.409999999999999920e+00 4.668340265262865829e-01 1.092272772823709714e-01
1.419999999999999929e+00 4.488279505267018243e-01 1.219496896646889150e-01
1.429999999999999938e+00 4.300630513132826516e-01 1.352144614508306031e-01
1.439999999999999947e+00 4.106674367820830618e-01 1.489230968909698583e-01
1.449999999999999956e+00 3.907754879249404900e-01 1.629670351799992478e-01
1.459999999999999964e+00 3.705259166509021762e-01 1.772300280062372169e-01
1.469999999999999973e+00 3.500595892034645829e-01 1.915907268141314457e-01
1.479999999999999982e+00 3.295172099901961804e-01 2.059253794182819008e-01
1.489999999999999991e+00 3.090369637313505335e-01 2.201105348677767359e-01
1.500000000000000000e+00 2.887522112991530721e-01 2.340256598690831358e-01
1.510000000000000009e+00 2.687893271156116537e-01 2.475555790217700836e-01
1.520000000000000018e+00 2.492657544068441200e-01 2.605926637550319280e-01
1.530000000000000027e+00 2.302883400375658196e-01 2.730387101696974406e-01
1.540000000000000036e+00 2.119519942012506597e-01 2.848064629156726313e-01
1.550000000000000044e+00 1.943387030357499323e-01 2.958207597051770721e-01
1.560000000000000053e+00 1.775169053005562769e-01 3.060192880956190686e-01
1.570000000000000062e+00 1.615412284774396523e-01 3.153529619270929452e-01
1.580000000000000071e+00 1.464525657467561914e-01 3.237859385976170068e-01
1.590000000000000080e+00 1.322784637518325257e-01 3.312953097288373061e-01
1.600000000000000089e+00 1.190337821932747064e-01 3.378705064393826007e-01
1.610000000000000098e+00 1.067215802001379027e-01 3.435124663140862178e-01
1.620000000000000107e+00 9.533418104097059198e-02 3.482326123129815820e-01
1.630000000000000115e+00 8.485436585961951550e-02 3.520516945193125635e-01
1.640000000000000124e+00 7.525664843724147457e-02 3.549985440984383400e-01
1.650000000000000133e+00 6.650858611199450543e-02 3.571087855148890045e-01
1.660000000000000142e+00 5.857208651410775874e-02 3.584235483524543242e-01
1.669999999999999929e+00 5.140467527355017247e-02 3.589882144258173535e-01
1.679999999999999938e+00 4.496069592704469292e-02 3.588512296650125388e-01
1.689999999999999947e+00 3.919241952642742166e-02 3.580630038592685360e-01
1.699999999999999956e+00 3.405104761941844804e-02 3.566749150752316355e-01
1.709999999999999964e+00 2.948759808483821659e-02 3.547384296664579106e-01
1.719999999999999973e+00 2.545366856777571754e-02 3.523043434541779373e-01
1.729999999999999982e+00 2.190207684765275997e-02 3.494221450105137738e-01
1.739999999999999991e+00 1.878738131093566840e-02 3.461394980855694303e-01
1.750000000000000000e+00 1.606628776660856336e-02 3.425018371114415539e-01
1.760000000000000009e+00 1.369795115294719819e-02 3.385520673713384165e-01
1.770000000000000018e+00 1.164418228646349300e-02 3.343303597916126302e-01
1.780000000000000027e+00 9.869570768484313764e-03 3.298740293271733570e-01
1.790000000000000036e+00 8.341535576378480282e-03 3.252174854808560500e-01
1.800000000000000044e+00 7.030314816804014363e-03 3.203922435322508200e-01
1.810000000000000053e+00 5.908905700536039654e-03 3.154269854575319498e-01
1.820000000000000062e+00 4.952965101927004309e-03 3.103476602089801362e-01
1.830000000000000071e+00 4.140680173299415498e-03 3.051776139082209016e-01
1.840000000000000080e+00 3.452617468686820963e-03 2.999377415172230776e-01
1.850000000000000089e+00 2.871557954791502214e-03 2.946466526230405170e-01
1.860000000000000098e+00 2.382324201166517805e-03 2.893208450545288746e-01
1.870000000000000107e+00 1.971604986897849965e-03 2.839748811011709728e-01
1.880000000000000115e+00 1.627781567681662982e-03 2.786215620953343963e-01
1.890000000000000124e+00 1.340758936193223259e-03 2.732720980285711088e-01
1.900000000000000133e+00 1.101804593094249558e-03 2.679362696868050620e-01
1.910000000000000142e+00 9.033966323414624987e-04 2.626225815019191945e-01
1.919999999999999929e+00 7.390823336995873405e-04 2.573384039272352264e-01
1.929999999999999938e+00 6.033479444830240797e-04 2.520901046546655810e-01
1.939999999999999947e+00 4.914999155023500954e-04 2.468831684079136335e-01
1.949999999999999956e+00 3.995575249091375147e-04 2.417223053770421737e-01
1.959999999999999964e+00 3.241565688562435005e-04 2.366115486142520985e-01
1.969999999999999973e+00 2.624636098271738906e-04 2.315543408985959173e-01
1.979999999999999982e+00 2.121001423396048707e-04 2.265536117083580825e-01
1.989999999999999991e+00 1.710759520792952014e-04 2.216118450233942883e-01
2.000000000000000000e+00 1.377308996038909439e-04 2.167311387245740573e-01
2.010000000000000231e+00 1.106843456341793035e-04 2.119132563715508677e-01
2.020000000000000018e+00 8.879144460316154878e-05 2.071596721304165833e-01
2.030000000000000249e+00 7.110556048909676249e-05 2.024716095954268158e-01
2.040000000000000036e+00 5.684609888027796615e-05 1.978500752090782411e-01
2.049999999999999822e+00 4.537109744795897318e-05 1.932958869365911936e-01
2.060000000000000053e+00 3.615397009235805790e-05 1.888096987977973262e-01
2.069999999999999840e+00 2.876385524662817539e-05 1.843920218042269521e-01
2.080000000000000071e+00 2.284907408032501534e-05 1.800432417939724916e-01
2.089999999999999858e+00 1.812325807887780349e-05 1.757636346032022123e-01
2.100000000000000089e+00 1.435375658296550740e-05 1.715533789621233596e-01
2.109999999999999876e+00 1.135198261386830050e-05 1.674125674555034526e-01
2.120000000000000107e+00 8.965399247878882318e-06 1.633412158439476458e-01
2.129999999999999893e+00 7.070888724435993798e-06 1.593392710022651648e-01
2.140000000000000124e+00 5.569282346980454505e-06 1.554066176954176925e-01
2.149999999999999911e+00 4.380861159761337867e-06 1.515430843806730710e-01
2.160000000000000142e+00 3.441665545864198778e-06 1.477484481964618790e-01
2.169999999999999929e+00 2.700476541219014078e-06 1.440224392738409520e-01
2.180000000000000160e+00 2.116353080388766336e-06 1.403647444850889825e-01
2.189999999999999947e+00 1.656627883960337556e-06 1.367750107255141512e-01
2.200000000000000178e+00 1.295280568205615274e-06 1.332528478087320611e-01
2.209999999999999964e+00 1.011620101585892634e-06 1.297978310421762094e-01
2.220000000000000195e+00 7.892202299936694969e-07 1.264095035381527232e-01
2.229999999999999982e+00 6.150612064073719566e-07 1.230873783060892901e-01
2.240000000000000213e+00 4.788393286266942824e-07 1.198309401635030552e-01
2.250000000000000000e+00 3.724126284402398039e-07 1.166396474964267460e-01
2.260000000000000231e+00 2.893567591273360917e-07 1.135129338943709904e-01
2.270000000000000018e+00 2.246098664638381151e-07 1.104502096802148087e-01
2.280000000000000249e+00 1.741891499408579233e-07 1.074508633515363076e-01
2.290000000000000036e+00 1.349650555055548229e-07 1.045142629467155776e-01
2.300000000000000266e+00 1.044817004160005575e-07 1.016397573465189358e-01
2.310000000000000053e+00 8.081430980511118975e-08 9.882667751974885673e-02
2.319999999999999840e+00 6.245622504308874716e-08 9.607433771980318504e-02
2.330000000000000071e+00 4.822949443313352020e-08 9.338203663758347373e-02
2.339999999999999858e+00 3.721423516369892118e-08 9.074905851505660204e-02
2.350000000000000089e+00 2.869291030146356418e-08 8.817467422286019707e-02
2.359999999999999876e+00 2.210643625588801436e-08 8.565814230461918366e-02
2.370000000000000107e+00 1.701965838710212989e-08 8.319870999004862211e-02
2.379999999999999893e+00 1.309423292102067714e-08 8.079561417847090643e-02
2.390000000000000124e+00 1.006735497048480848e-08 7.844808239400123673e-02
2.399999999999999911e+00 7.735094096803446216e-09 7.615533371338142898e-02
2.410000000000000142e+00 5.939355920944558445e-09 7.391657966721590367e-02
2.419999999999999929e+00 4.557693278875294450e-09 7.173102511520033919e-02
2.430000000000000160e+00 3.495353710924348397e-09 6.959786909580142900e-02
2.439999999999999947e+00 2.679079452016888894e-09 6.751630565075535106e-02
2.450000000000000178e+00 2.052279282584709838e-09 6.548552462467867319e-02
2.459999999999999964e+00 1.571272662052530148e-09 6.350471244004153581e-02
2.470000000000000195e+00 1.202371128777033031e-09 6.157305284771366627e-02
2.479999999999999982e+00 9.196126407726685475e-10 5.968972765328119101e-02
2.490000000000000213e+00 7.030044947481902135e-10 5.785391741931270038e-02
2.500000000000000000e+00 5.371619874947743348e-10 5.606480214375734322e-02
2.510000000000000231e+00 4.102546564022569023e-10 5.432156191465384310e-02
2.520000000000000018e+00 3.131913700848163428e-10 5.262337754134140816e-02
2.530000000000000249e+00 2.389906343186155586e-10 5.096943116236701821e-02
2.540000000000000036e+00 1.822944591991528251e-10 4.935890683030149523e-02
2.550000000000000266e+00 1.389933672792190177e-10 4.779099107368491722e-02
2.560000000000000053e+00 1.059373518492421016e-10 4.626487343633989280e-02
2.569999999999999840e+00 8.071325612604039603e-11 4.477974699430320449e-02
2.580000000000000071e+00 6.147343511654581372e-11 4.333480885064303761e-02
2.589999999999999858e+00 4.680400193218535447e-11 4.192926060844395092e-02
2.600000000000000089e+00 3.562355843643299035e-11 4.056230882225344420e-02
2.609999999999999876e+00 2.710542537415722625e-11 3.923316542830285192e-02
2.620000000000000107e+00 2.061794453792563803e-11 3.794104815382367407e-02
2.629999999999999893e+00 1.567871089990872908e-11 3.668518090579821200e-02
2.640000000000000124e+00 1.191946071692804745e-11 3.546479413949028131e-02
2.649999999999999911e+00 9.059193518272680139e-12 3.427912520711898919e-02
2.660000000000000142e+00 6.883579677245313769e-12 3.312741868704344866e-02
2.669999999999999929e+00 5.229209006704583934e-12 3.200892669384092226e-02
2.680000000000000160e+00 3.971547323947650208e-12 3.092290916966591516e-02
2.689999999999999947e+00 3.015715256669195471e-12 2.986863415728946772e-02
2.700000000000000178e+00 2.289457961144495592e-12 2.884537805522130460e-02
2.709999999999999964e+00 1.737766464023201554e-12 2.785242585532862400e-02
2.720000000000000195e+00 1.318777229307923485e-12 2.688907136336585527e-02
2.729999999999999982e+00 1.000638297823693557e-12 2.595461740283993082e-02
2.740000000000000213e+00 7.591239236688899364e-13 2.504837600263489644e-02
2.750000000000000000e+00 5.758141185678795090e-13 2.416966856882734119e-02
2.760000000000000231e+00 4.367083418987730377e-13 2.331782604112319496e-02
2.770000000000000018e+00 3.311637496791261879e-13 2.249218903435172209e-02
2.780000000000000249e+00 2.510961890382932861e-13 2.169210796545103723e-02
2.790000000000000036e+00 1.903662134683275289e-13 2.091694316638217921e-02
2.800000000000000266e+00 1.443094404618225422e-13 2.016606498340753340e-02
2.810000000000000053e+00 1.093845668080225086e-13 1.943885386317005179e-02
2.819999999999999840e+00 8.290550737960595583e-14 1.873470042600682353e-02
2.830000000000000071e+00 6.283036505074752253e-14 1.805300552693083968e-02
2.839999999999999858e+00 4.761439502283130314e-14 1.739318030471115328e-02
2.850000000000000089e+00 3.608019387666735845e-14 1.675464621947923144e-02
2.859999999999999876e+00 2.733903140654028580e-14 1.613683507928656904e-02
2.870000000000000107e+00 2.071443494467426980e-14 1.553918905603415661e-02
2.879999999999999893e+00 1.569417116163630318e-14 1.496116069119117140e-02
2.890000000000000124e+00 1.189071687438794318e-14 1.440221289171448975e-02
2.899999999999999911e+00 9.008367055445129579e-15 1.386181891657742304e-02
2.910000000000000142e+00 6.825086302771309885e-15 1.333946235430904723e-02
2.919999999999999929e+00 5.170361992782037398e-15 1.283463709194123184e-02
2.930000000000000160e+00 3.916990741812020242e-15 1.234684727575342117e-02
2.939999999999999947e+00 2.967847295889630777e-15 1.187560726420056403e-02
2.950000000000000178e+00 2.248028753109432712e-15 1.142044157340079899e-02
2.959999999999999964e+00 1.703114992072456192e-15 1.098088481555537475e-02
2.970000000000000195e+00 1.290377391090223079e-15 1.055648163066399796e-02
2.979999999999999982e+00 9.778190234315675783e-16 1.014678661189346784e-02
2.990000000000000213e+00 7.410526428028512935e-16 9.751364224948396928e-03
3.000000000000000000e+00 5.612178516805582789e-16 9.369788721787139160e-03
3.010000000000000231e+00 4.252375721388213427e-16 9.001644049016403401e-03
3.020000000000000018e+00 3.225455436555389345e-16 8.646523751291934623e-03
3.030000000000000249e+00 2.443121461316925856e-16 8.304030870043353774e-03
3.040000000000000036e+00 1.850208395501228253e-16 7.973777837834355314e-03
3.050000000000000266e+00 1.402365724466585201e-16 7.655386368660306411e-03
3.060000000000000053e+00 1.064679009903807023e-16 7.348487344478015458e-03
3.070000000000000284e+00 8.064995692615031735e-17 7.052720698253456093e-03
3.080000000000000071e+00 6.123661871417436519e-17 6.767735293805700672e-03
3.089999999999999858e+00 4.649732574248984774e-17 6.493188802716290571e-03
3.100000000000000089e+00 3.526802477913920652e-17 6.228747578565641332e-03
3.109999999999999876e+00 2.653027366128220950e-17 5.974086528749365452e-03
3.120000000000000107e+00 2.035310225820981181e-17 5.728888984119186872e-03
3.129999999999999893e+00 1.524571182266848351e-17 5.492846566685404344e-03
3.140000000000000124e+00 1.169211184672520578e-17 5.265659055608568756e-03
3.149999999999999911e+00 8.685167130081415823e-18 5.047034251701300149e-03
3.160000000000000142e+00 6.712252754520184982e-18 4.836687840651784399e-03
3.169999999999999929e+00 5.145154585909953220e-18 4.634343255173527243e-03
3.180000000000000160e+00 3.943273739783503776e-18 4.439731536277208117e-03
3.189999999999999947e+00 2.832794794640499940e-18 4.252591193853343110e-03
3.200000000000000178e+00 2.260784929678573042e-18 4.072668066746098874e-03
3.209999999999999964e+00 1.731821434032954140e-18 3.899715182491523408e-03
3.220000000000000195e+00 1.243502839660280326e-18 3.733492616885459962e-03
3.229999999999999982e+00 9.919197001383082206e-19 3.573767353539469664e-03
3.240000000000000213e+00 7.594620806850809293e-19 3.420313143575351173e-03
3.250000000000000000e+00 5.450490668138770158e-19 3.272910365602150085e-03
3.260000000000000231e+00 3.476492300826902830e-19 3.131345886112086706e-03
3.270000000000000018e+00 3.325576392516006423e-19 2.995412920425439673e-03
3.280000000000000249e+00 3.180690038359291569e-19 2.864910894307189093e-03
3.290000000000000036e+00 1.520808649220294064e-19 2.739645306372134881e-03
3.300000000000000266e+00 1.454074411648830669e-19 2.619427591388255334e-03
3.310000000000000053e+00 1.390040851635620503e-19 2.504074984582373327e-03
3.320000000000000284e+00 1.328609659537423803e-19 2.393410387045424251e-03
3.330000000000000071e+00 0.000000000000000000e+00 2.287262232329243059e-03
3.339999999999999858e+00 0.000000000000000000e+00 2.185464354320572691e-03
3.350000000000000089e+00 0.000000000000000000e+00 2.087855856472497530e-03
3.359999999999999876e+00 0.000000000000000000e+00 1.994280982468035496e-03
3.370000000000000107e+00 0.000000000000000000e+00 1.904588988385158034e-03
3.379999999999999893e+00 0.000000000000000000e+00 1.818634016427588419e-03
3.390000000000000124e+00 0.000000000000000000e+00 1.736274970280332099e-03
3.399999999999999911e+00 0.000000000000000000e+00 1.657375392144517590e-03
3.410000000000000142e+00 0.000000000000000000e+00 1.581803341500960438e-03
3.419999999999999929e+00 0.000000000000000000e+00 1.509431275647797220e-03
3.430000000000000160e+00 0.000000000000000000e+00 1.440135932052714245e-03
3.439999999999999947e+00 0.000000000000000000e+00 1.373798212556533215e-03
3.450000000000000178e+00 0.000000000000000000e+00 1.310303069460459161e-03
3.459999999999999964e+00 0.000000000000000000e+00 1.249539393525745659e-03
3.470000000000000195e+00 0.000000000000000000e+00 1.191399903910497337e-03
3.479999999999999982e+00 0.000000000000000000e+00 1.135781040064975846e-03
3.490000000000000213e+00 0.000000000000000000e+00 1.082582855603160272e-03
3.500000000000000000e+00 0.000000000000000000e+00 1.031708914165123045e-03
3.510000000000000231e+00 0.000000000000000000e+00 9.830661872815788047e-04
3.520000000000000018e+00 0.000000000000000000e+00 9.365649542489924055e-04
3.530000000000000249e+00 0.000000000000000000e+00 8.921187040207093641e-04
3.540000000000000036e+00 0.000000000000000000e+00 8.496440391169329852e-04
3.550000000000000266e+00 0.000000000000000000e+00 8.090605815536524659e-04
3.560000000000000053e+00 0.000000000000000000e+00 7.702908807882862452e-04
3.570000000000000284e+00 0.000000000000000000e+00 7.332603236773753853e-04
3.580000000000000071e+00 0.000000000000000000e+00 6.978970464395008481e-04
3.589999999999999858e+00 0.000000000000000000e+00 6.641318486144732764e-04
3.600000000000000089e+00 0.000000000000000000e+00 6.318981090079213827e-04
3.609999999999999876e+00 0.000000000000000000e+00 6.011317036084938168e-04
3.620000000000000107e+00 0.000000000000000000e+00 5.717709254631863193e-04
3.629999999999999893e+00 0.000000000000000000e+00 5.437564064946738074e-04
3.640000000000000124e+00 0.000000000000000000e+00 5.170310412429644916e-04
3.649999999999999911e+00 0.000000000000000000e+00 4.915399125123312519e-04
3.660000000000000142e+00 0.000000000000000000e+00 4.672302189030774246e-04
3.669999999999999929e+00 0.000000000000000000e+00 4.440512042065474993e-04
3.680000000000000160e+00 0.000000000000000000e+00 4.219540886405891643e-04
3.689999999999999947e+00 0.000000000000000000e+00 4.008920019016896041e-04
3.700000000000000178e+00 0.000000000000000000e+00 3.808199180090044399e-04
3.709999999999999964e+00 0.000000000000000000e+00 3.616945919146784282e-04
3.720000000000000195e+00 0.000000000000000000e+00 3.434744978540011599e-04
3.729999999999999982e+00 0.000000000000000000e+00 3.261197694083200821e-04
3.740000000000000213e+00 0.000000000000000000e+00 3.095921412528926560e-04
3.750000000000000000e+00 0.000000000000000000e+00 2.938548925614003549e-04
3.760000000000000231e+00 0.000000000000000000e+00 2.788727920382623915e-04
3.770000000000000018e+00 0.000000000000000000e+00 2.646120445495396285e-04
3.780000000000000249e+00 0.000000000000000000e+00 2.510402393227918988e-04
3.790000000000000036e+00 0.000000000000000000e+00 2.381262996860046804e-04
3.800000000000000266e+00 0.000000000000000000e+00 2.258404343154230280e-04
3.810000000000000053e+00 0.000000000000000000e+00 2.141540899619723433e-04
3.820000000000000284e+00 0.000000000000000000e+00 2.030399056257952133e-04
3.830000000000000071e+00 0.000000000000000000e+00 1.924716681483835924e-04
3.839999999999999858e+00 0.000000000000000000e+00 1.824242691917173792e-04
3.850000000000000089e+00 0.000000000000000000e+00 1.728736635738833786e-04
3.859999999999999876e+00 0.000000000000000000e+00 1.637968289306732767e-04
3.870000000000000107e+00 0.000000000000000000e+00 1.551717266727870839e-04
3.879999999999999893e+00 0.000000000000000000e+00 1.469772642084021851e-04
3.890000000000000124e+00 0.000000000000000000e+00 1.391932584010457529e-04
3.899999999999999911e+00 0.000000000000000000e+00 1.318004002329337956e-04
3.910000000000000142e+00 0.000000000000000000e+00 1.247802206441653273e-04
3.919999999999999929e+00 0.000000000000000000e+00 1.181150575184606466e-04
3.930000000000000160e+00 0.000000000000000000e+00 1.117880237863992903e-04
3.939999999999999947e+00 0.000000000000000000e+00 1.057829766174721661e-04
3.950000000000000178e+00 0.000000000000000000e+00 1.000844876725719612e-04
3.959999999999999964e+00 0.000000000000000000e+00 9.467781438893157803e-05
3.970000000000000195e+00 0.000000000000000000e+00 8.954887226988028496e-05
3.979999999999999982e+00 0.000000000000000000e+00 8.468420815218910655e-05
3.990000000000000213e+00 0.000000000000000000e+00 8.007097442415881782e-05
4.000000000000000000e+00 0.000000000000000000e+00 7.569690416802829188e-05
4.009999999999999787e+00 0.000000000000000000e+00 7.155028720067656181e-05
4.020000000000000462e+00 0.000000000000000000e+00 6.761994698701451201e-05
4.030000000000000249e+00 0.000000000000000000e+00 6.389521840087908475e-05
4.040000000000000036e+00 0.000000000000000000e+00 6.036592630864834542e-05
4.049999999999999822e+00 0.000000000000000000e+00 5.702236495122367109e-05
4.060000000000000497e+00 0.000000000000000000e+00 5.385527810042758625e-05
4.070000000000000284e+00 0.000000000000000000e+00 5.085583996627522527e-05
4.080000000000000071e+00 0.000000000000000000e+00 4.801563683198268288e-05
4.089999999999999858e+00 0.000000000000000000e+00 4.532664939397857269e-05
4.099999999999999645e+00 0.000000000000000000e+00 4.278123578457674117e-05
4.110000000000000320e+00 0.000000000000000000e+00 4.037211525536551257e-05
4.120000000000000107e+00 0.000000000000000000e+00 3.809235249975894268e-05
4.129999999999999893e+00 0.000000000000000000e+00 3.593534259354158979e-05
4.139999999999999680e+00 0.000000000000000000e+00 3.389479653263693828e-05
4.150000000000000355e+00 0.000000000000000000e+00 3.196472734770647897e-05
4.160000000000000142e+00 0.000000000000000000e+00 3.013943677559264344e-05
4.169999999999999929e+00 0.000000000000000000e+00 2.841350246800420975e-05
4.179999999999999716e+00 0.000000000000000000e+00 2.678176571825482426e-05
4.190000000000000391e+00 0.000000000000000000e+00 2.523931968726843476e-05
4.200000000000000178e+00 0.000000000000000000e+00 2.378149811048649358e-05
4.209999999999999964e+00 0.000000000000000000e+00 2.240386446773675930e-05
4.219999999999999751e+00 0.000000000000000000e+00 2.110220159856760464e-05
4.230000000000000426e+00 0.000000000000000000e+00 1.987250174599398784e-05
4.240000000000000213e+00 0.000000000000000000e+00 1.871095701206949778e-05
4.250000000000000000e+00 0.000000000000000000e+00 1.761395020916761803e-05
4.259999999999999787e+00 0.000000000000000000e+00 1.657804609134507862e-05
4.270000000000000462e+00 0.000000000000000000e+00 1.559998295065272096e-05
4.280000000000000249e+00 0.000000000000000000e+00 1.467666456376918968e-05
4.290000000000000036e+00 0.000000000000000000e+00 1.380515247484436792e-05
4.299999999999999822e+00 0.000000000000000000e+00 1.298265860096709476e-05
4.310000000000000497e+00 0.000000000000000000e+00 1.220653814719408694e-05
4.320000000000000284e+00 0.000000000000000000e+00 1.147428281861089934e-05
4.330000000000000071e+00 0.000000000000000000e+00 1.078351431742450022e-05
4.339999999999999858e+00 0.000000000000000000e+00 1.013197811361725266e-05
4.350000000000000533e+00 0.000000000000000000e+00 9.517537478213390192e-06
4.360000000000000320e+00 0.000000000000000000e+00 8.938167768725686373e-06
4.370000000000000107e+00 0.000000000000000000e+00 8.391950956853344026e-06
4.379999999999999893e+00 0.000000000000000000e+00 7.877070388993910244e-06
4.389999999999999680e+00 0.000000000000000000e+00 7.391805770604876890e-06
4.400000000000000355e+00 0.000000000000000000e+00 6.934528365906822180e-06
4.410000000000000142e+00 0.000000000000000000e+00 6.503696404854364192e-06
4.419999999999999929e+00 0.000000000000000000e+00 6.097850689711229687e-06
4.429999999999999716e+00 0.000000000000000000e+00 5.715610393953746256e-06
4.440000000000000391e+00 0.000000000000000000e+00 5.355669046585743586e-06
4.450000000000000178e+00 0.000000000000000000e+00 5.016790695282744467e-06
4.459999999999999964e+00 0.000000000000000000e+00 4.697806242087593931e-06
4.469999999999999751e+00 0.000000000000000000e+00 4.397609945659861551e-06
4.480000000000000426e+00 0.000000000000000000e+00 4.115156084330508385e-06
4.490000000000000213e+00 0.000000000000000000e+00 3.849455774438885070e-06
4.500000000000000000e+00 0.000000000000000000e+00 3.599573938626780587e-06
4.509999999999999787e+00 0.000000000000000000e+00 3.364626418939012099e-06
4.520000000000000462e+00 0.000000000000000000e+00 3.143777229731475377e-06
4.530000000000000249e+00 0.000000000000000000e+00 2.936235945517863868e-06
4.540000000000000036e+00 0.000000000000000000e+00 2.741255218998309102e-06
4.549999999999999822e+00 0.000000000000000000e+00 2.558128424608961101e-06
4.560000000000000497e+00 0.000000000000000000e+00 2.386187423011975700e-06
4.570000000000000284e+00 0.000000000000000000e+00 2.224800442015688300e-06
4.580000000000000071e+00 0.000000000000000000e+00 2.073370069474094163e-06
4.589999999999999858e+00 0.000000000000000000e+00 1.931331353769111588e-06
4.600000000000000533e+00 0.000000000000000000e+00 1.798150007526828464e-06
4.610000000000000320e+00 0.000000000000000000e+00 1.673320710266274216e-06
4.620000000000000107e+00 0.000000000000000000e+00 1.556365505724561042e-06
4.629999999999999893e+00 0.000000000000000000e+00 1.446832289650692389e-06
4.639999999999999680e+00 0.000000000000000000e+00 1.344293383910860287e-06
4.650000000000000355e+00 0.000000000000000000e+00 1.248344192803720109e-06
4.660000000000000142e+00 0.000000000000000000e+00 1.158601937545942537e-06
4.669999999999999929e+00 0.000000000000000000e+00 1.074704464956369815e-06
4.679999999999999716e+00 0.000000000000000000e+00 9.963091264432861814e-07
4.690000000000000391e+00 0.000000000000000000e+00 9.230917234831150279e-07
4.700000000000000178e+00 0.000000000000000000e+00 8.547455158709785526e-07
4.709999999999999964e+00 0.000000000000000000e+00 7.909802891238337773e-07
4.719999999999999751e+00 0.000000000000000000e+00 7.315214775254283935e-07
4.730000000000000426e+00 0.000000000000000000e+00 6.761093394180026812e-07
4.740000000000000213e+00 0.000000000000000000e+00 6.244981814688015875e-07
4.750000000000000000e+00 0.000000000000000000e+00 5.764556287684500852e-07
4.759999999999999787e+00 0.000000000000000000e+00 5.317619377533198992e-07
4.770000000000000462e+00 0.000000000000000000e+00 4.902093490828477776e-07
4.780000000000000249e+00 0.000000000000000000e+00 4.516014777458562430e-07
4.790000000000000036e+00 0.000000000000000000e+00 4.157527378149979787e-07
4.799999999999999822e+00 0.000000000000000000e+00 3.824877994152667324e-07
4.810000000000000497e+00 0.000000000000000000e+00 3.516410756195147884e-07
4.820000000000000284e+00 0.000000000000000000e+00 3.230562371303328443e-07
4.830000000000000071e+00 0.000000000000000000e+00 2.965857527523306205e-07
4.839999999999999858e+00 0.000000000000000000e+00 2.720904538010278337e-07
4.850000000000000533e+00 0.000000000000000000e+00 2.494391207330565905e-07
4.860000000000000320e+00 0.000000000000000000e+00 2.285080904167570243e-07
4.870000000000000107e+00 0.000000000000000000e+00 2.091808825914865425e-07
4.879999999999999893e+00 0.000000000000000000e+00 1.913478441877041063e-07
4.889999999999999680e+00 0.000000000000000000e+00 1.749058102973752587e-07
4.900000000000000355e+00 0.000000000000000000e+00 1.597577806952962489e-07
4.910000000000000142e+00 0.000000000000000000e+00 1.458126109160604397e-07
4.919999999999999929e+00 0.000000000000000000e+00 1.329847169884304582e-07
4.929999999999999716e+00 0.000000000000000000e+00 1.211937930188092765e-07
4.940000000000000391e+00 0.000000000000000000e+00 1.103645408980406442e-07
4.950000000000000178e+00 0.000000000000000000e+00 1.004264114812765874e-07
4.959999999999999964e+00 0.000000000000000000e+00 9.131335665895433652e-08
4.969999999999999751e+00 0.000000000000000000e+00 8.296359179845285449e-08
4.980000000000000426e+00 0.000000000000000000e+00 7.531936809080894562e-08
4.990000000000000213e+00 0.000000000000000000e+00 6.832675438539998569e-08
5.000000000000000000e+00 0.000000000000000000e+00 6.193542813799492433e-08
